Sudoku

 5 3 0 0 7 0 0 0 0

 6 0 0 1 9 5 0 0 0

 0 9 8 0 0 0 0 6 0

 8 0 0 0 6 0 0 0 3

 4 0 0 8 0 3 0 0 1

 7 0 0 0 2 0 0 0 6

 0 6 0 0 0 0 2 8 0

 0 0 0 4 1 9 0 0 5

 0 0 0 0 8 0 0 7 9



----------------------------------
solucion n°1 

 5 3 2 6 7 8 1 4 9

 6 7 4 1 9 5 3 2 8

 1 9 8 3 4 2 5 6 7

 8 5 3 7 6 1 4 9 3

 4 2 9 8 5 3 7 1 1

 7 1 6 9 2 4 8 5 6

 9 6 1 5 3 7 2 8 4

 2 8 7 4 1 9 6 3 5

 3 4 5 2 8 6 9 7 9



----------------------------------
solucion n°2 

 5 3 2 6 7 8 4 1 9

 6 7 4 1 9 5 3 2 8

 1 9 8 3 4 2 5 6 7

 8 1 3 7 6 4 9 5 3

 4 2 6 8 5 3 7 9 1

 7 8 5 9 2 1 6 4 6

 9 6 1 5 3 7 2 8 4

 2 5 7 4 1 9 8 3 5

 3 4 9 2 8 6 1 7 9



----------------------------------
solucion n°3 

 5 3 2 6 7 8 4 1 9

 6 7 4 1 9 5 3 2 8

 1 9 8 3 4 2 5 6 7

 8 1 5 7 6 4 9 3 3

 4 2 6 8 5 3 7 9 1

 7 5 3 9 2 1 8 4 6

 9 6 1 5 3 7 2 8 4

 2 8 7 4 1 9 6 5 5

 3 4 9 2 8 6 1 7 9



----------------------------------
solucion n°4 

 5 3 2 6 7 8 4 1 9

 6 7 4 1 9 5 3 2 8

 1 9 8 3 4 2 5 6 7

 8 2 3 7 6 4 9 5 3

 4 1 6 8 5 3 7 9 1

 7 8 5 9 2 1 6 4 6

 9 6 1 5 3 7 2 8 4

 2 5 7 4 1 9 8 3 5

 3 4 9 2 8 6 1 7 9



----------------------------------
solucion n°5 

 5 3 2 6 7 8 4 1 9

 6 7 4 1 9 5 3 2 8

 1 9 8 3 4 2 5 6 7

 8 2 5 7 6 1 9 4 3

 4 1 6 8 5 3 7 9 1

 7 8 3 9 2 4 6 5 6

 9 6 1 5 3 7 2 8 4

 2 5 7 4 1 9 8 3 5

 3 4 9 2 8 6 1 7 9



----------------------------------
solucion n°6 

 5 3 2 6 7 8 4 1 9

 6 7 4 1 9 5 3 2 8

 1 9 8 3 4 2 5 6 7

 8 2 5 7 6 4 9 3 3

 4 1 6 8 5 3 7 9 1

 7 5 3 9 2 1 8 4 6

 9 6 1 5 3 7 2 8 4

 2 8 7 4 1 9 6 5 5

 3 4 9 2 8 6 1 7 9



----------------------------------
solucion n°7 

 5 3 2 6 7 8 4 1 9

 6 7 4 1 9 5 8 3 2

 1 9 8 3 4 2 5 6 7

 8 1 5 7 6 4 9 2 3

 4 2 6 8 5 3 7 9 1

 7 5 3 9 2 1 6 4 6

 9 6 1 5 3 7 2 8 4

 2 8 7 4 1 9 3 5 5

 3 4 9 2 8 6 1 7 9



----------------------------------
solucion n°8 

 5 3 4 6 7 8 1 2 9

 6 7 2 1 9 5 3 4 8

 1 9 8 3 4 2 5 6 7

 8 5 3 7 6 1 4 9 3

 4 2 9 8 5 3 7 1 1

 7 1 6 9 2 4 8 5 6

 9 6 1 5 3 7 2 8 4

 2 8 7 4 1 9 6 3 5

 3 4 5 2 8 6 9 7 9



----------------------------------
solucion n°9 

 5 3 4 6 7 8 1 9 2

 6 7 2 1 9 5 3 4 8

 1 9 8 3 4 2 5 6 7

 8 5 3 7 6 1 4 2 3

 4 2 9 8 5 3 7 1 1

 7 1 6 9 2 4 8 5 6

 9 6 1 5 3 7 2 8 4

 2 8 7 4 1 9 6 3 5

 3 4 5 2 8 6 9 7 9



----------------------------------
solucion n°10 

 5 3 4 6 7 8 1 9 2

 6 7 2 1 9 5 3 4 8

 1 9 8 3 4 2 5 6 7

 8 5 9 7 6 1 4 2 3

 4 2 6 8 5 3 7 1 1

 7 1 3 9 2 4 8 5 6

 9 6 1 5 3 7 2 8 4

 2 8 7 4 1 9 6 3 5

 3 4 5 2 8 6 9 7 9



----------------------------------
solucion n°11 

 5 3 4 6 7 8 1 9 2

 6 7 2 1 9 5 4 3 8

 1 9 8 3 4 2 5 6 7

 8 1 9 7 6 4 3 2 3

 4 2 6 8 5 3 7 1 1

 7 5 3 9 2 1 8 4 6

 9 6 1 5 3 7 2 8 4

 2 8 7 4 1 9 6 5 5

 3 4 5 2 8 6 9 7 9



----------------------------------
solucion n°12 

 5 3 4 6 7 8 9 1 2

 6 2 7 1 9 5 3 4 8

 1 9 8 3 4 2 5 6 7

 8 5 2 7 6 1 4 9 3

 4 1 6 8 5 3 7 2 1

 7 8 3 9 2 4 6 5 6

 9 6 1 5 3 7 2 8 4

 2 7 5 4 1 9 8 3 5

 3 4 9 2 8 6 1 7 9



----------------------------------
solucion n°13 

 5 3 4 6 7 8 9 1 2

 6 2 7 1 9 5 3 4 8

 1 9 8 3 4 2 5 6 7

 8 5 2 7 6 1 4 9 3

 4 1 9 8 5 3 7 2 1

 7 8 3 9 2 4 6 5 6

 9 6 1 5 3 7 2 8 4

 2 7 6 4 1 9 8 3 5

 3 4 5 2 8 6 1 7 9



----------------------------------
solucion n°14 

 5 3 4 6 7 8 9 1 2

 6 2 7 1 9 5 3 4 8

 1 9 8 3 4 2 5 6 7

 8 5 9 7 6 1 4 2 3

 4 1 2 8 5 3 7 9 1

 7 8 3 9 2 4 6 5 6

 9 6 1 5 3 7 2 8 4

 2 7 6 4 1 9 8 3 5

 3 4 5 2 8 6 1 7 9



----------------------------------
solucion n°15 

 5 3 4 6 7 8 9 1 2

 6 2 7 1 9 5 4 3 8

 1 9 8 3 4 2 5 6 7

 8 5 2 7 6 4 3 9 3

 4 1 9 8 5 3 7 2 1

 7 8 3 9 2 1 6 4 6

 9 6 1 5 3 7 2 8 4

 2 7 6 4 1 9 8 5 5

 3 4 5 2 8 6 1 7 9



----------------------------------
solucion n°16 

 5 3 4 6 7 8 9 1 2

 6 2 7 1 9 5 4 3 8

 1 9 8 3 4 2 5 6 7

 8 5 9 7 6 4 3 2 3

 4 1 2 8 5 3 7 9 1

 7 8 3 9 2 1 6 4 6

 9 6 1 5 3 7 2 8 4

 2 7 6 4 1 9 8 5 5

 3 4 5 2 8 6 1 7 9



----------------------------------
solucion n°17 

 5 3 4 6 7 8 9 1 2

 6 7 2 1 9 5 3 4 8

 1 9 8 3 4 2 5 6 7

 8 2 5 7 6 1 4 9 3

 4 1 6 8 5 3 7 2 1

 7 8 3 9 2 4 6 5 6

 9 6 1 5 3 7 2 8 4

 2 5 7 4 1 9 8 3 5

 3 4 9 2 8 6 1 7 9



----------------------------------
solucion n°18 

 5 3 4 6 7 8 9 1 2

 6 7 2 1 9 5 3 4 8

 1 9 8 3 4 2 5 6 7

 8 5 9 7 6 1 4 2 3

 4 2 6 8 5 3 7 9 1

 7 1 3 9 2 4 8 5 6

 9 6 1 5 3 7 2 8 4

 2 8 7 4 1 9 6 3 5

 3 4 5 2 8 6 1 7 9



----------------------------------
solucion n°19 

 5 3 4 6 7 8 9 1 2

 6 7 2 1 9 5 4 3 8

 1 9 8 3 4 2 5 6 7

 8 1 5 7 6 4 3 2 3

 4 2 6 8 5 3 7 9 1

 7 5 3 9 2 1 8 4 6

 9 6 1 5 3 7 2 8 4

 2 8 7 4 1 9 6 5 5

 3 4 9 2 8 6 1 7 9



----------------------------------
solucion n°20 

 5 3 4 6 7 8 9 1 2

 6 7 2 1 9 5 4 3 8

 1 9 8 3 4 2 5 6 7

 8 1 9 7 6 4 3 2 3

 4 2 6 8 5 3 7 9 1

 7 5 3 9 2 1 8 4 6

 9 6 1 5 3 7 2 8 4

 2 8 7 4 1 9 6 5 5

 3 4 5 2 8 6 1 7 9



----------------------------------
solucion n°21 

 5 3 4 6 7 8 9 1 2

 6 7 2 1 9 5 4 3 8

 1 9 8 3 4 2 5 6 7

 8 2 5 7 6 4 3 9 3

 4 1 6 8 5 3 7 2 1

 7 5 3 9 2 1 8 4 6

 9 6 1 5 3 7 2 8 4

 2 8 7 4 1 9 6 5 5

 3 4 9 2 8 6 1 7 9



----------------------------------
numero de soluciones totales =22 
